%YAML:1.0

# Auto-generated from Kalibr camchain for the direct-camera ORB-SLAM3 live runner.
File.version: "1.0"
Camera.model: "equidistant"
Camera.width: 800
Camera.height: 600
Stereo.baseline_m: 0.108205159147708

LEFT.K: !!opencv-matrix
 rows: 3
 cols: 3
 dt: d
 data: [541.775094485458, 0.0, 386.6936849538, 0.0, 541.461200848498, 292.457724502275, 0.0, 0.0, 1.0]
LEFT.D: !!opencv-matrix
 rows: 1
 cols: 4
 dt: d
 data: [-0.0606846235830629, 0.424517186364969, -1.56070947186035, 1.82564127722957]

RIGHT.K: !!opencv-matrix
 rows: 3
 cols: 3
 dt: d
 data: [547.616189010232, 0.0, 390.578216590019, 0.0, 546.389941414587, 304.702634898951, 0.0, 0.0, 1.0]
RIGHT.D: !!opencv-matrix
 rows: 1
 cols: 4
 dt: d
 data: [-0.0153584852651994, 0.0443053420413025, -0.281494298790782, 0.439985736193809]

Stereo.T_c1_c2_raw: !!opencv-matrix
 rows: 4
 cols: 4
 dt: d
 data: [0.99715784925776, -0.0423557119671179, -0.0623074419904791, -0.108069338775011, 0.0417052391443681, 0.999061403440419, -0.0117040669671485, -0.00376831909856574, 0.062744694529095, 0.00907225547584386, 0.997988375427806, -0.00389541449453192, 0.0, 0.0, 0.0, 1.0]

Rectified.P1: !!opencv-matrix
 rows: 3
 cols: 4
 dt: d
 data: [480.342891032312, 0.0, 383.138093753889, 0.0, 0.0, 480.342891032312, 298.741359953316, 0.0, 0.0, 0.0, 1.0, 0.0]
Rectified.P2: !!opencv-matrix
 rows: 3
 cols: 4
 dt: d
 data: [480.342891032312, 0.0, 383.138093753889, -51.9755789696216, 0.0, 480.342891032312, 298.741359953316, 0.0, 0.0, 0.0, 1.0, 0.0]
Rectified.Q: !!opencv-matrix
 rows: 4
 cols: 4
 dt: d
 data: [1.0, 0.0, 0.0, -383.138093753889, 0.0, 1.0, 0.0, -298.741359953316, 0.0, 0.0, 0.0, 480.342891032312, 0.0, 0.0, 9.24170351835927, -0.0]
