%YAML:1.0

# Auto-generated from Kalibr camchain for pre-rectified stereo input.
# Left camera = cam0, right camera = cam1.
File.version: "1.0"
Camera.type: "PinHole"

# Rectified intrinsics from P1/P2.
Camera1.fx: 480.342891032312
Camera1.fy: 480.342891032312
Camera1.cx: 383.138093753889
Camera1.cy: 298.741359953316
Camera1.k1: 0.0
Camera1.k2: 0.0
Camera1.p1: 0.0
Camera1.p2: 0.0

Camera2.fx: 480.342891032312
Camera2.fy: 480.342891032312
Camera2.cx: 383.138093753889
Camera2.cy: 298.741359953316
Camera2.k1: 0.0
Camera2.k2: 0.0
Camera2.p1: 0.0
Camera2.p2: 0.0

Camera.width: 800
Camera.height: 600
Camera.fps: 20
Camera.RGB: 0

Stereo.ThDepth: 60.0
Camera.bf: 51.9755789696216
Stereo.baseline_m: 0.108205159147708
Stereo.T_c1_c2: !!opencv-matrix
 rows: 4
 cols: 4
 dt: f
 data: [1.0, 0.0, 0.0, 0.108205159147708, 0.0, 1.0, 0.0, 0.0, 0.0, 0.0, 1.0, 0.0, 0.0, 0.0, 0.0, 1.0]

ORBextractor.nFeatures: 1500
ORBextractor.scaleFactor: 1.2
ORBextractor.nLevels: 8
ORBextractor.iniThFAST: 20
ORBextractor.minThFAST: 7

Viewer.KeyFrameSize: 0.05
Viewer.KeyFrameLineWidth: 1.0
Viewer.GraphLineWidth: 0.9
Viewer.PointSize: 2.0
Viewer.CameraSize: 0.08
Viewer.CameraLineWidth: 3.0
Viewer.ViewpointX: 0.0
Viewer.ViewpointY: -0.7
Viewer.ViewpointZ: -1.8
Viewer.ViewpointF: 500.0
Viewer.imageViewScale: 1.0

# Debug/reference values.
Rectified.P1: !!opencv-matrix
 rows: 3
 cols: 4
 dt: d
 data: [480.342891032312, 0.0, 383.138093753889, 0.0, 0.0, 480.342891032312, 298.741359953316, 0.0, 0.0, 0.0, 1.0, 0.0]
Rectified.P2: !!opencv-matrix
 rows: 3
 cols: 4
 dt: d
 data: [480.342891032312, 0.0, 383.138093753889, -51.9755789696216, 0.0, 480.342891032312, 298.741359953316, 0.0, 0.0, 0.0, 1.0, 0.0]
Rectified.Q: !!opencv-matrix
 rows: 4
 cols: 4
 dt: d
 data: [1.0, 0.0, 0.0, -383.138093753889, 0.0, 1.0, 0.0, -298.741359953316, 0.0, 0.0, 0.0, 480.342891032312, 0.0, 0.0, 9.24170351835927, -0.0]
