cam0:
  cam_overlaps: [1]
  camera_model: pinhole
  distortion_coeffs: [-0.060684623583062945, 0.4245171863649692, -1.5607094718603496, 1.825641277229573]
  distortion_model: equidistant
  intrinsics: [541.7750944854582, 541.4612008484978, 386.6936849537995, 292.45772450227514]
  resolution: [800, 600]
  rostopic: /cam0/image_raw
cam1:
  T_cn_cnm1:
  - [0.9971578492577596, -0.042355711967117876, -0.06230744199047915, -0.10806933877501076]
  - [0.041705239144368106, 0.9990614034404186, -0.011704066967148543, -0.0037683190985657398]
  - [0.062744694529095, 0.009072255475843857, 0.9979883754278057, -0.0038954144945319248]
  - [0.0, 0.0, 0.0, 1.0]
  cam_overlaps: [0]
  camera_model: pinhole
  distortion_coeffs: [-0.015358485265199444, 0.04430534204130251, -0.2814942987907818, 0.4399857361938091]
  distortion_model: equidistant
  intrinsics: [547.6161890102318, 546.3899414145866, 390.57821659001945, 304.7026348989507]
  resolution: [800, 600]
  rostopic: /cam1/image_raw
